0 0.7947240421874999 0.9622676171875 0.8173758812499999 0.88597240625 0.6495615984375 0.8361593624999999 0.626908684375 0.9124527953125 0.7947240421874999 0.9622676171875
0 0.5696177109375 0 0.3673333328125 0.0004081625 0.36750356093750003 0.0848349796875 0.570813121875 0.08442495156249999 0.5706427875 0 0.5696177109375 0
0 0.0927202984375 0.495595796875 0.0009999875 0.4955102046875 0.0006666671875 0.8526530609374999 0.0923869765625 0.8527386515625001 0.0927202984375 0.495595796875
0 0.866 0 0.866 0.3089795921875 1 0.3089795921875 1 0 0.866 0
0 0.3209815640625 0.9145405546875001 0.53390435 0.9883440015625 0.611064025 0.7657675640625 0.3981530015625 0.6919663359375 0.3209815640625 0.9145405546875001
0 0.634201428125 0 0.58610603125 0.140687628125 0.8169841124999999 0.219615396875 0.891322996875 0.002161578125 0.8850000015624999 0 0.634201428125 0
0 0.009378300000000001 0.90755744375 0.2319851671875 0.9872906499999999 0.3570554984375 0.638149925 0.13446541875 0.558419928125 0.009378300000000001 0.90755744375
0 0.019426285937500003 0 0 0.06440246250000001 0 0.43357729218749996 0.1379178546875 0.4751763015625 0.2649163390625 0.054126209375 0.08546792343750001 0 0.019426285937500003 0
0 0.0010443578125 0.000447259375 0.0008121109374999999 0.0003615640625 0.00066591875 0.00075773125 0.0008981640625000001 0.0008434234375 0.0010443578125 0.000447259375
0 0.1348486375 0.512125575 0.374222075 0.598833621875 0.52495416875 0.18271615624999998 0.285590634375 0.096010059375 0.1348486375 0.512125575
0 0.7891052015625 0.3163431734375 0.555600771875 0.230672115625 0.40232413749999996 0.648420809375 0.63582700625 0.73408906875 0.7891052015625 0.3163431734375