0 0.0702122140625 0.17333862656250001 0.1330830140625 0.17682872968750002 0.137 0.10626702968749999 0.074129384375 0.10277693125000001 0.0702122140625 0.17333862656250001
0 0.171175215625 0.09770145 0.16499087343750002 0.147633284375 0.238 0.1566757484375 0.2441842625 0.1067439875 0.171175215625 0.09770145
0 0.13463230625 0.160803575 0.07208033750000001 0.14582161875 0.043505384375 0.2651250328125 0.106057334375 0.28010693125 0.13463230625 0.160803575
0 0.14330500156249998 0.2783821859375 0.230394103125 0.2832576359375 0.2377734328125 0.1514372484375 0.150685084375 0.1465618203125 0.14330500156249998 0.2783821859375
0 0.274465259375 0.1640056546875 0.3492925140625 0.171610365625 0.356410621875 0.1015705828125 0.2815835828125 0.09396588125000001 0.274465259375 0.1640056546875
0 0.3519575515625 0.14942805625 0.27663551875 0.1364196828125 0.2548173921875 0.26275125 0.33013940937499997 0.275759571875 0.3519575515625 0.14942805625
0 0.378262390625 0.0872377 0.37305676718749997 0.14320112812500002 0.4635975484375 0.15162292187499998 0.4688030703125 0.0956595890625 0.378262390625 0.0872377
0 0.3590842359375 0.2727934140625 0.45651642031249995 0.2766941953125 0.46210868281249995 0.1370040359375 0.3646773234375 0.1331032703125 0.3590842359375 0.2727934140625
0 0.48287365624999995 0.27132894375 0.582494925 0.274253790625 0.5881669281249999 0.0810460234375 0.48854684375 0.07812119687499999 0.48287365624999995 0.27132894375
0 0.5945402921875 0.2724536140625 0.6998026109375 0.2729864546875 0.7007791546875 0.0799430953125 0.5955180140625 0.07941025625 0.5945402921875 0.2724536140625
0 0.83437295 0.0631413015625 0.7115178625 0.07455580625 0.73013726875 0.27495621875 0.8529923453125001 0.2635417765625 0.83437295 0.0631413015625
0 0.97398639375 0.059675964062499996 0.8513372890625 0.06130289375 0.8540426812499999 0.2652526703125 0.9766917875000001 0.2636257515625 0.97398639375 0.059675964062499996
0 0.9491446703124999 0.5815375640625 0.8440192359375001 0.5850444734375 0.8479999781249999 0.7043596734375 0.9531254109375 0.7008528046875 0.9491446703124999 0.5815375640625
0 0.8640342125 0.8123729093750001 0.9647962937499999 0.8046566578125001 0.9529742750000001 0.6503281249999999 0.8522156296875 0.6580442453125 0.8640342125 0.8123729093750001
0 0.7295131234375 0.8091386593750001 0.8406615796875 0.8064859656250001 0.8352040468749999 0.5779581 0.724061103125 0.580610725 0.7295131234375 0.8091386593750001
0 0.693210753125 0.690959409375 0.694464378125 0.5795187515625 0.59187050625 0.5783647734375 0.59061579375 0.6898043390625 0.693210753125 0.690959409375
0 0.5949283328125 0.7868202281250001 0.696386253125 0.784529196875 0.693184571875 0.64284185 0.591729753125 0.6451328468749999 0.5949283328125 0.7868202281250001
0 0.58825125 0.57672786875 0.4947676109375 0.571010453125 0.48705990468750004 0.6970221296875 0.5805435375 0.702739475 0.58825125 0.57672786875
0 0.5776233453125 0.6443350609375 0.48851507656250004 0.6363149078125 0.475221396875 0.7839933921875 0.56432965 0.7920134171875 0.5776233453125 0.6443350609375
0 0.45779221875 0.6531715890625 0.4606667046875 0.576293253125 0.368112284375 0.572832915625 0.36523715625 0.6497105875 0.45779221875 0.6531715890625
0 0.35174220625 0.761759325 0.44464475 0.770622753125 0.45710209375 0.6400569 0.36420213437500004 0.6311935953125001 0.35174220625 0.761759325
0 0.2730870296875 0.6578684390625 0.34574303125 0.6618393421875 0.3506666671875 0.5717529515625001 0.278011896875 0.5677820828125 0.2730870296875 0.6578684390625
0 0.3487050421875 0.6343757171875 0.27255293125 0.6255223078125 0.2566148078125 0.76259403125 0.332766896875 0.7714473109375 0.3487050421875 0.6343757171875
0 0.2416456125 0.6345059875 0.24203181406250002 0.5740380953125 0.1569633546875 0.5734947312500001 0.156576684375 0.63396215 0.2416456125 0.6345059875
0 0.1393658546875 0.7500894796875001 0.2250780796875 0.7578314828125 0.236778221875 0.6283038484375 0.15106830625 0.62056195 0.1393658546875 0.7500894796875001
0 0.06729555468750001 0.644853946875 0.12600037343749998 0.6498637921875 0.13287093125 0.5693595171875 0.0741669703125 0.5643497078124999 0.06729555468750001 0.644853946875
0 0.1327194015625 0.6314818062499999 0.06939813125 0.615991503125 0.0380055 0.7443008625 0.1013266953125 0.7597909515625 0.1327194015625 0.6314818062499999